95% CI for Params
Param K 0.011241770558704952
-8.6398812149404  8.66236475605781

Param r 6.0770549299950106e-06
-0.007305850233214307  0.007318004343074297

Param Co 100.22774755433834
92.2127773839317  108.24271772474498

DayGrowth_Rate %95% Confidence Interval(+-)
0  100.22774755436734  100.22774755436734  100.22774755436734
3  86.21570685686015  104.59849282715848  67.83292088656182
4  82.37693319842886  100.27018557450415  64.48368082235356
32  36.66743720116214  47.83668978256575  25.498184619758526
33  35.954972305280435  48.35479130494588  23.555153305614994
34  35.26967080751729  47.03297364104126  23.506367973993314
35  34.6100083218299  45.66708446587589  23.552932177783912
36  33.97457243061616  45.67068160089099  22.27846326034134
37  33.362052589719504  44.975560406003694  21.748544773435313
38  32.771231106404734  44.12700106158469  21.415461151224775
39  32.20097505930405  44.279729786079585  20.122220332528514
40  31.65022904781231  42.72743890260959  20.57301919301503
41  31.118008673054888  41.63139776594158  20.604619580168198
42  30.603394665920593  42.31978084978567  18.887008482055517
43  30.105527588323174  39.90267211145083  20.308383065195514
44  29.62360304339865  40.3746758280588  18.8725302587385
45  29.156867338759454  39.62515810120409  18.68857657631482
46  28.704613553259776  39.34778692712601  18.061440179393543
47  28.26617796442316  38.80049062058633  17.73186530825999
48  27.840936798323213  39.57304584862239  16.108827748024034
49  27.428303268592284  38.76012980580053  16.096476731384037
50  27.02772487489546  38.039287605720936  16.01616214406998
51  26.638680934887002  36.944937959884314  16.33242390988969
52  26.26068032615545  36.517787731114254  16.003572921196646
53  25.893259417975287  35.533551369382195  16.252967466568375
54  25.53598017414809  35.992183528190914  15.079776820105264
55  25.18842841090282  35.83161127512514  14.545245546680494
56  24.850212195164843  34.1770402991751  15.523384091154588
57  24.520960370155496  33.716330644042074  15.325590096268918
58  24.200321196713645  34.27298966311767  14.12765273030962
59  23.887961099885203  33.01439720960217  14.761524990168231
60  23.58356351129869  33.49388588411243  13.673241138484947
61  23.286827799065648  33.18171742380838  13.39193817432292
62  22.99746827733086  32.69170537330222  13.303231181359498
63  22.715213288961515  31.49515328187345  13.935273296049582
64  22.43980435478801  32.45271993024626  12.426888779329754
65  22.170995384180095  31.427304071987383  12.914686696372808
66  21.908551941590506  31.519545789648333  12.29755809353268
67  21.652250564639132  30.396188643095012  12.908312486183252
68  21.401878129534023  31.05323859683217  11.750517662235875
69  21.157231259973152  30.35355714521839  11.960905374727913
70  20.91811577622  30.405712657594655  11.430518894845342
71  20.68434618105105  30.072184687891127  11.296507674210975
72  20.455745179856105  29.512878604236228  11.398611755475985
73  20.232143232184153  29.237953499463725  11.226332964904582
74  20.013378132424226  28.900153327302792  11.126602937545659
75  19.799294617374574  28.487165706601708  11.111423528147439
76  19.589743998766778  27.367041174184713  11.812446823348845
77  19.384583818875715  28.103036310756686  10.666131326994742
78  19.183677527540862  28.363260349726957  10.004094705354769
79  18.986894179093873  27.561295945242467  10.41249241294528
80  18.794108147744243  27.872673173156205  9.715543122332281
81  18.605198860124656  28.010848803230726  9.199548917018586
