95% CI for Params
Param K 0.0027977430440848635
-2.5021821766663828  2.507777662754552

Param r 7.489818026978859e-05
-0.07931166204301492  0.0794614584035545

Param p 3.3194316502541433e-28
-0.17111831589577794  0.17111831589577794

Day growth_rate %95% Confidence Interval(+-)
0  100.0  100.0  100.0
3  92.28298244331002  113.2125046035533  71.35346028306674
4  89.84533070136685  108.20814364408379  71.4825177586499
32  42.45897856826774  55.76293010101534  29.155027035520135
33  41.337466300472244  53.85966799241752  28.815264608526967
34  40.245579621286  52.70826400539959  27.782895237172404
35  39.1825357792945  50.477024059803156  27.888047498785838
36  38.147572964317455  50.77835993007134  25.51678599856357
37  37.139949460447816  48.16696679219101  26.11293212870462
38  36.1589432050201  49.83982719335784  22.47805921668236
39  35.20385101215334  47.75191873936838  22.655783284938305
40  34.27398831906274  45.270322741176386  23.27765389694909
41  33.36868864377141  45.56052578616897  21.176851501373843
42  32.487303140850784  44.54190816068815  20.432698121013416
43  31.629200104186364  42.92613852378128  20.332261684591444
44  30.79376451720671  40.83567060026007  20.75185843415335
45  29.980397597321073  40.7318086007514  19.228986593890745
46  29.18851637992315  40.67071621742184  17.706316542424464
47  28.417553314759964  38.56526169916443  18.269844930355497
48  27.666955835046792  37.87363791997767  17.460273750115913
49  26.936185958942886  36.808674175459686  17.063697742426086
50  26.224719927450202  35.644942183793475  16.804497671106933
51  25.532047816428307  35.457605942983875  15.60648968987274
52  24.85767316392246  34.57687411355385  15.13847221429107
53  24.20111263213282  34.54916290212538  13.853062362140257
54  23.561895650196174  33.159112067761306  13.964679232631044
55  22.93956405368504  31.772848749207924  14.106279358162157
56  22.333671801728453  31.442449106852536  13.224894496604369
57  21.74378465182069  30.85944564660511  12.628123657036271
58  21.169479853383358  31.059304988133185  11.279654718633532
59  20.610345763382725  30.263108522987345  10.957583003778106
60  20.06598161084377  29.588232701138573  10.543730520548968
61  19.535997241841446  28.025622410936343  11.046372072746552
62  19.02001282447264  28.148595791958222  9.891429856987061
63  18.517658555529696  26.8225844216392  10.212732689420191
64  18.02857434458072  25.9682346714402  10.088914017721237
65  17.552409651346554  25.233616218015648  9.871203084677461
66  17.088823209083156  24.770845029937313  9.406801388229
67  16.637482781643293  24.192665161199983  9.0823004020866
68  16.1980648588382  23.69473044759314  8.701399270083261
69  15.770254481407596  23.98269354971245  7.557815413102739
70  15.353745032506238  22.88554843027666  7.821941634735816
71  14.948238008458203  22.267940253670208  7.628535763246199
72  14.553442782916342  23.13140140998619  5.975484155846495
73  14.169076363604333  21.73477307128161  6.603379655927057
74  13.794863265449383  20.962968509133077  6.62675802176569
75  13.430535290714664  20.34535648527374  6.5157140961555875
76  13.075831337471119  20.244796095765302  5.906866579176934
77  12.730497160037574  19.7655007473033  5.69549357277185
78  12.394285237204045  19.176187040227806  5.612383434180285
79  12.066954602248273  19.316425925998505  4.817483278498043
80  11.74827066478573  18.441526731592006  5.055014597979455
81  11.438005021758157  17.751722925004522  5.12428711851179
