95% CI for Params

Param r -0.3957213122181619
-0.4778809335459112  -0.31356169089041264

Param p 0.3244318569146685
0.2578887766342976  0.39097493719503945

Day Growth_Rate % 95% Confidence Interval(+-)
0  100.0  100.0  100.0
3  94.75665186511094  113.59995368523406  75.91335004498782
4  93.02933576425352  112.58091074532082  73.47776078318621
32  49.14946990679544  62.39752340311624  35.90141641047464
33  47.75582014983415  60.56402848482411  34.947611814844194
34  46.3752425489048  60.279270268185094  32.47121482962451
35  45.00787231472533  58.917020651861506  31.09872397758916
36  43.6538491727471  56.274139801818734  31.03355854367547
37  42.313317120544404  54.69312996919123  29.93350427189758
38  40.98642460209842  53.19985779282269  28.772991411374143
39  39.67332491625108  51.62711758902465  27.719532243477516
40  38.37417690853602  50.113343623027625  26.63501019404442
41  37.08914466113741  48.61952071660522  25.558768605669595
42  35.81839797389741  48.083040406666775  23.553755541128048
43  34.56211297690894  46.474005543396544  22.650220410421344
44  33.32047206823007  45.51790848391881  21.123035652541326
45  32.09366442916283  43.32945877891094  20.857870079414717
46  30.881887038632883  42.06062207743538  19.70315199983038
47  29.685344390383097  39.91329108873372  19.457397692032472
48  28.504249114898393  38.931509512529935  18.07698871726685
49  27.33882324568369  38.37387097905649  16.303775512310892
50  26.189298226871657  36.27549525151573  16.103101202227585
51  25.0559158231462  34.676615626195165  15.435216020097238
52  23.938928858621914  33.14899577985646  14.728861937387364
53  22.838601828621947  31.892065414394892  13.785138242849003
54  21.75521261628775  31.490778490848236  12.019646741727266
55  20.68905261860526  30.0542044074758  11.323900829734717
56  19.6404285748245  28.83446961490589  10.446387534743113
57  18.60966393640494  27.852070836172786  9.367257036637094
58  17.597100188057226  25.292128076616297  9.902072299498155
59  16.603098437622517  25.77572441090719  7.430472464337843
60  15.628041774039062  23.271044754426956  7.985038793651168
61  14.672337205594236  22.558000286797153  6.7866741243913165
62  13.736418481237038  21.20661548916725  6.266221473306828
63  12.820749223826317  19.48223892692716  6.159259520725472
64  11.925826238296256  18.76671858770201  5.084933888890503
65  11.052183684432217  17.642896009537843  4.461471359326592
66  10.20039798974078  16.710106403233375  3.6906895762481877
67  9.371093960123147  15.22988187430282  3.5123060459434754
68  8.564951739043494  14.111324741145635  3.018578736941352
69  7.782715211826656  13.21742052284683  2.348009900806484
70  7.025202758958261  12.604694583667246  1.4457109342492762
71  6.293320821843053  11.689304371551627  0.8973372721344788
72  5.588080309676707  10.46300127548406  0.7131593438693526
73  4.910618405098304  9.05376058593497  0.7674762242616362
74  4.262227390301513  8.273650185343795  0.2508045952592308
75  3.644392836998938  7.523685672844119  -0.23489999884624213
76  3.058847110704786  6.489944601179471  -0.3722503797698993
77  2.5076459804285167  5.618973929557333  -0.6036819687002999
78  1.9932830792912701  4.614067965804898  -0.6275018072223573
79  1.5188707626379228  3.8886424356856093  -0.8509009104097638
80  1.0884468310842967  2.940203920465292  -0.7633102582966986
81  0.707548694476514  2.578731668986991  -1.1636342800339627
