95% CI for Params
Param K 603.2830504110897
585.4331581624406  621.1329426597388

Param r 0.4195658106156203
0.3871183069787564  0.45201331425248426

Param Co 5.648573888908082e-09
-2.8444166085986533e-08  3.97413138638027e-08

DayCases Today95% Confidence Interval(+-)
0  5.648573888908082e-09  5.648573888908082e-09  5.648573888908082e-09
3  1.988768182059675e-08  1.988768182059675e-08  1.988768182059675e-08
4  3.025514784451736e-08  3.025514784451736e-08  3.025514784451736e-08
32  0.003826659169081679  0.003826659169081679  0.003826659169081679
33  0.005821480709949137  0.14724105135789176  -0.13559808993799347
34  0.0088561791741341  0.2525618204401068  -0.2348494620918386
35  0.013472810063539752  0.21296460143318005  -0.18601898130610053
36  0.02049595918628183  0.16191552983422447  -0.12092361146166081
37  0.03117996851755456  0.31186821060336245  -0.24950827356825334
38  0.04743283555454638  0.46303229541656316  -0.36816662430747044
39  0.07215665695978861  0.4916267424815817  -0.3473134285620045
40  0.10976514172392919  0.717452235506079  -0.4979219520582206
41  0.16696996974494746  1.063190947015619  -0.729251007525724
42  0.25397491835948016  1.371316997530318  -0.8633671608113578
43  0.38628749147591174  1.5595440259492777  -0.7869690429974541
44  0.5874634090106994  2.3150545344479303  -1.1401277164265313
45  0.8932551567777234  2.755618510877934  -0.9691081973224873
46  1.357861765996103  3.582625119817256  -0.8669015878250497
47  2.063295357362072  4.607339341640763  -0.4807486269166188
48  3.13330664690847  6.382849895576895  -0.11623660175995498
49  4.753831107568669  8.855121799381926  0.6525404157554107
50  7.202421217049952  12.033446426634562  2.371396007465342
51  10.889278565985464  17.532365405893287  4.246191726077642
52  16.411445599513147  24.321446672000008  8.501444527026287
53  24.61763802012756  34.57659016176375  14.658685878491372
54  36.670764192234664  48.576049352706576  24.76547903176275
55  54.07380481968112  68.55681318726381  39.59079645209843
56  78.59035080932541  97.37271898022493  59.80798263842589
57  111.95655087906518  131.77045236651176  92.14264939161858
58  155.29590154066395  179.59361396009666  130.99818912123123
59  208.2996056942302  241.13038168298712  175.46882970547327
60  268.5493514324331  302.71149634676556  234.3872065181007
61  331.59580856885094  368.1694365248259  295.02218061287596
62  392.1054107529842  431.71497975615887  352.49584174980953
63  445.5490006721285  484.35836570132403  406.73963564293297
64  489.395801378691  529.5851011821393  449.2065015752427
65  523.2436680551357  573.1678741366537  473.3194619736177
66  548.1647594719647  598.2260082889421  498.1035106549872
67  565.8810633708093  608.6505000814741  523.1116266601446
68  578.1638765585504  626.9224341092087  529.4053190078922
69  586.5324144621001  635.7491895723069  537.3156393518932
70  592.1665512923114  641.9479303650255  542.3851722195973
71  595.929385265646  647.4866961845071  544.372074346785
72  598.4289747022209  647.5956913519063  549.2622580525355
73  600.0834886801756  649.3865448091109  550.7804325512403
74  601.1760463727638  650.9491341680783  551.4029585774493
75  601.8963893452445  649.208519028992  554.5842596614971
76  602.3708350025321  650.45445323751  554.2872167675541
77  602.6831110276997  650.3118932548574  555.0543288005421
78  602.8885565264953  651.1984720007849  554.5786410522057
79  603.023678773465  647.3691935829709  558.6781639639592
80  603.1125319695886  652.5757581295651  553.6493058096122
81  603.1709522975477  655.4753662933218  550.8665383017736
