95% CI for Params
Param K 3738.5233783655967
330.06514756495744  7146.981609166236

Param r 0.09459215380382892
0.09003357473045974  0.0991507328771981

Param p 0.9999999999999999
0.9824697204939852  1.0175302795060146

DayTotal Cases95% Confidence Interval(+-)
0  1.0  1.0  1.0
3  1.3280194505856242  3.662188952562287  -1.0061500513910384
4  1.4597214092103195  3.7505614918294095  -0.8311186734087705
32  20.526379176311067  30.117426153394078  10.935332199228055
33  22.550526969521428  32.505157516484594  12.595896422558262
34  24.772950108127397  34.74490644244348  14.80099377381131
35  27.21279583007649  37.173025830537284  17.252565829615698
36  29.891003726612926  40.506666953649415  19.275340499576437
37  32.83046172631287  44.05427527411355  21.60664817851219
38  36.056173403018065  47.74699614914684  24.36535065688929
39  39.59543637410914  51.498464507125775  27.692408241092508
40  43.478032702767  57.20279064530641  29.753274760227598
41  47.73643004420714  61.627440726417724  33.845419361996555
42  52.405995096916634  66.32132924059403  38.49066095323924
43  57.52521618411876  72.25308357992094  42.79734878831659
44  63.135937730678286  78.45133356169984  47.82054189965674
45  69.28360048480086  86.90779284242906  51.659408127172654
46  76.01749184755766  93.23679589000578  58.79818780510955
47  83.3909963430339  100.25869564721188  66.52329703885593
48  91.46185184604778  110.74716582506589  72.17653786702967
49  100.29239788762007  119.47487623554996  81.10991953969018
50  109.94982092860735  130.46464627858097  89.43499557863372
51  120.50638123277497  142.78110296395062  98.23165950159934
52  132.03962259388632  156.86845456801603  107.21079061975661
53  144.6325439611791  167.79140228517113  121.47368563718705
54  158.37373935759902  185.29646227463405  131.451016440564
55  173.35747990945592  197.93735374400356  148.77760607490828
56  189.68372439697737  216.19667961749911  163.17076917645562
57  207.45805062561723  235.86492890478291  179.05117234645155
58  226.79148352801616  258.59925061594646  194.98371644008586
59  247.80019817878375  276.6661399594353  218.93425639813213
60  270.6050806170988  304.12122653320574  237.08893470099187
61  295.3311200170068  331.5332634202672  259.12897661374643
62  322.1066079569168  354.7919967111322  289.42121920270137
63  351.06212419847685  385.2252595962497  316.898988800704
64  382.32928097919444  422.14648152565536  342.5120804327335
65  416.0392102810286  458.7661889620021  373.3122316000551
66  452.3207710785972  500.2143131161708  404.4272290410236
67  491.2984779857309  535.0619990577585  447.53495691370335
68  533.090130851323  579.8041419546611  486.37611974798494
69  577.804174972989  626.4229154410315  529.1854345049466
70  625.5367915499589  667.4720716007294  583.6015114991885
71  676.3688073988427  729.9565265643613  622.7810882333241
72  730.3623749749605  776.1084227976045  684.6163271523166
73  787.5576197794223  843.2152198012603  731.9000197575843
74  847.9692833795153  909.8012013601146  786.137365398916
75  911.583480909241  968.9576374920598  854.2093243264221
76  978.3547190272325  1042.9187377397498  913.7907003147151
77  1048.2033089031322  1110.6210446681928  985.7855731380716
78  1121.0133414269994  1188.186917226  1053.8397656279988
79  1196.6313470540106  1268.1208040109534  1125.1418900970677
80  1274.865799157959  1343.5918775905363  1206.1397207253815
81  1355.487571924996  1431.3583265328323  1279.6168173171598
