95% CI for Params

Param r 0.09240028585388035
0.09092227528477662  0.09387829642298409

Param p 0.9999999999999932
0.995302289139644  1.0046977108603423

DayTotal Cases95% Confidence Interval(+-)
0  1.0  1.0  1.0
3  1.3194313645941012  3.4172151837940605  -0.7783524546058584
4  1.447157285443524  3.916248556898487  -1.0219339860114387
32  19.236493862756816  27.95145842423934  10.521529301274294
33  21.098659008374415  30.541178947374497  11.656139069374332
34  23.14108876104661  32.99143225443321  13.290745267660018
35  25.381233438023312  35.497079680098324  15.265387195948298
36  27.83823253232841  38.21686769192749  17.459597372729327
37  30.53307844753333  42.17433267679498  18.89182421827168
38  33.48879556199382  43.854274102568624  23.123317021419012
39  36.730637277129205  49.561498283578224  23.899776270680185
40  40.28630148018505  53.78569331686059  26.786909643509517
41  44.186167376790365  57.812573634543206  30.559761119037525
42  48.46355504086409  62.868170346293866  34.05893973543431
43  53.15500989412197  67.27489399392047  39.03512579432346
44  58.30061535563021  73.38469994297543  43.216530768284976
45  63.94433473847066  80.25497912410854  47.63369035283277
46  70.13438750546482  86.63017812929809  53.63859688163154
47  76.92366070412028  95.0825819425897  58.76473946565086
48  84.37016112286224  103.1916281222647  65.54869412345978
49  92.53751095296082  111.67644589818713  73.3985760077345
50  101.4954909114143  122.67963737551783  80.31134444731076
51  111.32063727607903  133.01177584198996  89.6294987101681
52  122.09689469169103  144.82397743215003  99.36981195123204
53  133.916334574906  157.44895872487817  110.38371042493381
54  146.87994079237745  173.26150767218124  120.49837391257367
55  161.09847290588144  186.29084656365464  135.90609924810823
56  176.69341273270672  205.5281388151019  147.85868665031154
57  193.7980012767763  220.70881347815822  166.88718907539436
58  212.5583788079212  242.13299141170475  182.98376620413765
59  233.1348313242438  264.3301345081178  201.9395281403698
60  255.70316222726302  288.1438538781201  223.26247057640592
61  280.45619266802214  312.2446750703657  248.6677102656786
62  307.60540962874654  344.470364167024  270.7404550904691
63  337.3827735537293  373.3436651949712  301.4218819124874
64  370.0426980715813  406.7441571165965  333.3412390265661
65  405.8642270357653  446.587743433025  365.14071063850554
66  445.15341453926834  486.98849050998  403.31833856855667
67  488.24594386253864  535.643936785104  440.8479509399734
68  535.5099925933536  580.996452722711  490.02353246399616
69  587.3493790865937  636.627723656541  538.0710345166464
70  644.2070144556623  693.4352975146214  594.9787313967031
71  706.568682309521  759.8082299512424  653.3291346677996
72  774.9671958834741  830.4451727210632  719.4892190458851
73  849.9869425371593  904.7920988774692  795.1817861968493
74  932.2688840538963  992.7559252651429  871.7818428426497
75  1022.5160280440257  1084.070060131211  960.9619959568403
76  1121.4994350407214  1189.3504356887008  1053.648434392742
77  1230.0648106641772  1305.191677765438  1154.9379435629164
78  1349.1397220462625  1419.7586790976297  1278.5207649948952
79  1479.74153592643  1553.0332397312948  1406.4498321215654
80  1622.9860962253383  1702.2674534137493  1543.7047390369273
81  1780.0972708570418  1862.4918590282011  1697.7026826858826
