95% CI for Params
Param K 11432.630900509857
11183.772518960586  11681.489282059129

Param r 0.21879548976905752
0.2136531515062843  0.22393782803183074

Param Co 0.003476187073042032
0.0022494301753403865  0.0047029439707436775

DayTotal Cases95% Confidence Interval(+-)
0  0.003476187073042032  0.003476187073042032  0.003476187073042032
3  0.006701438545502358  0.14812100919344498  -0.13471813210244024
4  0.00834045322184024  0.14976002386978285  -0.13307911742610237
32  3.8163819929181244  7.667792486992839  -0.03502850115659095
33  4.749392434320565  9.059462341934593  0.4393225267065368
34  5.910382754074327  10.687371948852359  1.1333935592962936
35  7.354994828081355  12.809994950695355  1.899994705467356
36  9.1524152720077  15.145028756821674  3.159801787193726
37  11.38865314045115  17.877847520022954  4.899458760879349
38  14.170600126297385  21.55042783592669  6.79077241666808
39  17.63105420450736  25.774313310786503  9.48779509822822
40  21.934926258916985  30.85438694156033  13.015465576273641
41  27.28689422060514  37.18440696708356  17.38938147412672
42  33.94082058383751  45.82769763434953  22.05394353332548
43  42.21130595875178  55.55347536660922  28.86913655089434
44  52.48781121864588  67.57909930437476  37.396523132917004
45  65.25183904892292  81.86067519250906  48.64300290533677
46  81.09771372312902  99.18991352705301  63.00551391920503
47  100.75752123426722  120.19884842401731  81.31619404451712
48  125.13074717074115  147.22999508017628  103.03149926130602
49  155.31904080099778  179.93904265519603  130.69903894679953
50  192.66628669782588  220.39135435840004  164.94121903725173
51  238.80370220024588  268.9449603364666  208.66244406402515
52  295.6988933633428  329.6048217460824  261.7929649806032
53  365.7065559284717  405.0772552921436  326.33585656479977
54  451.6166389601635  494.87628043919597  408.3569974811311
55  556.6931358047309  605.0936829536948  508.29258865576696
56  684.6931291123682  738.6080277259969  630.7782304987395
57  839.8513676231453  901.031091487807  778.6716437584836
58  1026.8109283969854  1096.2270279990776  957.3948287948934
59  1250.476479191691  1323.2284271947092  1177.7245311886727
60  1515.7652659167072  1601.2517117777256  1430.2788200556888
61  1827.2352123978333  1920.4471485367294  1734.0232762589371
62  2188.583144423649  2293.0341645511066  2084.1321242961917
63  2602.0323202833015  2715.4208521888595  2488.6437883777435
64  3067.6673825763564  3191.3835025504973  2943.9512626022156
65  3582.820545493507  3710.3963304986314  3455.2447604883823
66  4141.650795039783  4276.5731352130515  4006.7284548665134
67  4735.066849014229  4875.9374138870035  4594.196284141454
68  5351.105005166707  5498.385838089291  5203.8241722441235
69  5975.7804855743  6131.3006104121  5820.2603607365
70  6594.307240516303  6750.026312187338  6438.588168845268
71  7192.47130476883  7358.30593784387  7026.63667169379
72  7757.894100627222  7928.499169849097  7587.289031405347
73  8280.957147434065  8459.242289493051  8102.672005375078
74  8755.262112353805  8942.184390540146  8568.339834167464
75  9177.625017901342  9368.745498766439  8986.504537036246
76  9547.703528500271  9746.30546714154  9349.101589859003
77  9867.405154561118  10071.13251044259  9663.677798679646
78  10140.222339893187  10346.228028353944  9934.21665143243
79  10370.60575622938  10576.03064976512  10165.180862693642
80  10563.441480482004  10770.378510934166  10356.504450029843
81  10723.657010063454  10933.182215219462  10514.131804907447
