95% CI for Params
Param K 25162706218.021637
-2187553543318.6565  2237878955754.6997

Param r 0.1253640339517353
0.12424284561739457  0.126485222286076

Param p 0.9999999999999999
0.9982501959113146  1.0017498040886852

DayTotal Cases95% Confidence Interval(+-)
0  1.0  1.0  1.0
3  1.4565812767330173  2.672370934239909  0.24079161922612569
4  1.65112378026721  3.2010146027372084  0.10123295779721175
32  55.23789130070295  70.4108751503964  40.0649074510095
33  62.61552121540496  78.68656748874983  46.54447494206009
34  70.97851504858758  87.58119551779669  54.37583457937848
35  80.45847902236848  98.81687440550064  62.100083639236324
36  91.20459671881706  110.06289096129336  72.34630247634075
37  103.38597698604792  122.97880712757478  83.79314684452106
38  117.19431503981221  138.43415091522434  95.95447916440008
39  132.8469090742011  155.29312322005606  110.40069492834616
40  150.59007972054104  174.21706831485  126.96309112623209
41  170.70304646146496  195.54701143062812  145.8590814923018
42  193.50232184748566  221.03446375305003  165.9701799419213
43  219.34669211463182  249.30726484421916  189.38611938504448
44  248.64286326908788  280.3208885456433  216.96483799253244
45  281.8518610693254  316.5758093184158  247.12791282023508
46  319.49628681889175  355.65277774465426  283.33979589312924
47  362.16854103483234  401.42979321917755  322.90728885048713
48  410.5401457519128  452.49872545916963  368.581566044656
49  465.37231176242483  510.7077062961147  420.036917228735
50  527.5279179837089  574.6046079910997  480.45122797631814
51  597.9850910205349  650.3835234138792  545.5866586271907
52  677.852596883775  733.192169718294  622.513024049256
53  768.3872892209864  825.844163410297  710.9304150316758
54  871.0138873265225  934.4248164768567  807.6029581761884
55  987.347398886327  1055.9801945814843  918.7146031911697
56  1119.2185337779645  1190.691994902073  1047.745072653856
57  1268.7025129939607  1347.9869927907537  1189.4180331971677
58  1438.1517248262412  1520.081756485115  1356.2216931673674
59  1630.2327449440131  1716.8506265138208  1543.6148633742055
60  1847.9683016375282  1938.0407168029828  1757.8958864720735
61  2094.7848411615364  2189.6401901615177  1999.9294921615551
62  2374.5664483647406  2475.831460395298  2273.301436334183
63  2691.7159670537576  2799.0580791631023  2584.373854944413
64  3051.2242934300716  3166.348292725428  2936.100294134715
65  3458.748912850222  3578.286303012366  3339.2115226880783
66  3920.702928530085  4050.2303335562483  3791.175523503922
67  4444.355979510902  4581.192702581086  4307.519256440718
68  5037.948644295319  5184.978431547549  4890.91885704309
69  5710.822126717064  5869.826576625008  5551.81767680912
70  6473.565247687793  6640.393780619109  6306.736714756477
71  7338.181076713051  7514.651789801555  7161.7103636245465
72  8318.275812651322  8510.967968203757  8125.583657098886
73  9429.27292167815  9632.720355706368  9225.825487649932
74  10688.655839849596  10906.984516910099  10470.327162789094
75  12116.243098584604  12336.563191425706  11895.923005743502
76  13734.500191344223  13970.020681890448  13498.979700797998
77  15568.89311433696  15814.052322603844  15323.733906070074
78  17648.28913381325  17920.276697717025  17376.301569909476
79  20005.41103250853  20295.317527109335  19715.504537907727
80  22677.35204783883  22982.63510022992  22372.068995447742
81  25706.159565210044  26034.936228602623  25377.382901817466
