95% CI for Params

Param r 0.12536403091259146
0.12421296686594217  0.12651509495924076

Param p 0.9999999999999999
0.9982504521146838  1.001749547885316

DayTotal Cases95% Confidence Interval(+-)
0  1.0  1.0  1.0
3  1.4565812634791637  2.807807550776314  0.1053549761820134
4  1.65112376023792  3.2950081847371253  0.007239335738715047
32  55.237886047739536  70.76429148903946  39.71148060643961
33  62.61551508891151  78.97232293766166  46.258707240161364
34  70.97850791170971  88.81245717199779  53.14455865142163
35  80.4584707180695  99.44985587779638  61.46708555834264
36  91.20458706715388  110.8298226059386  71.57935152836916
37  103.38596578114355  124.62817930904028  82.14375225324683
38  117.1943020465109  139.42338588682213  94.96521820619965
39  132.8468940243987  155.698827274373  109.99496077442438
40  150.59006230919357  175.23948318774032  125.94064143064682
41  170.70302634229495  197.05898582181032  144.34706686277957
42  193.50229862842517  221.6718566994909  165.33274055735944
43  219.3466653530732  249.33407211876735  189.35925858737906
44  248.6428324670549  280.23479936395506  217.05086557015468
45  281.85182566873357  315.8206669014362  247.88298443603094
46  319.4962461971458  356.1290108412257  282.8634815530659
47  362.16849450110874  401.2218337175825  323.11515528463497
48  410.540092544613  453.8201480315162  367.2600370577098
49  465.372251048468  511.87074398868026  418.87375810825574
50  527.5278488605759  577.4753933758063  477.5803043453454
51  597.9850125222836  650.7011450772208  545.2688799673464
52  677.8525079926661  733.9017671900845  621.8032487952478
53  768.3871888868968  826.4995302272279  710.2748475465656
54  871.0137744970301  932.2217073997675  809.8058415942927
55  987.3472725512885  1053.0008463899144  921.6936987126627
56  1119.2183930335723  1187.8078965080035  1050.628889559141
57  1268.7023571328405  1342.4877276475802  1194.9169866181007
58  1438.1515534621517  1516.6798770699193  1359.6232298543841
59  1630.2325581823623  1713.5993711501521  1546.8657452145724
60  1847.9681003062717  1932.823897102025  1763.1123035105184
61  2094.7846271213702  2180.672521999542  2008.8967322431986
62  2374.566224923182  2466.6275347418905  2282.504915104473
63  2691.7157395149684  2791.543670565263  2591.887808464674
64  3051.2240698218857  3159.6493906687824  2942.798748974989
65  3458.748704881694  3574.7856546989215  3342.711755064466
66  3920.7027528487138  4042.3852251902535  3799.020280507174
67  4444.355859348753  4572.0430362739735  4316.668682423533
68  5037.948611619591  5174.92267814915  4900.974545090033
69  5710.822225034146  5859.529305269854  5562.1151447984375
70  6473.5655356924635  6633.649525415239  6313.481545969688
71  7338.181633030563  7501.788802421498  7174.5744636396275
72  8318.276741991138  8489.4390035585  8147.1144804237765
73  9429.274362812195  9610.65996212479  9247.8887634996
74  10688.657975943359  10887.319804583214  10489.996147303504
75  12116.246170563361  12327.506481595028  11904.985859531695
76  13734.504515171855  13957.340508680601  13511.668521663109
77  15568.899103339187  15802.47317758631  15335.325029092064
78  17648.297327501972  17895.220616866372  17401.374038137572
79  20005.42213377498  20269.289168615356  19741.555098934605
80  22677.36697092461  22960.704519192444  22394.029422656775
81  25706.179497549332  26015.523916190123  25396.83507890854
